Departure Date: September 25, 2026
Return Date: September 29, 2026
Error Message Detected
All Prices: [
  140325, 140325, 189626, 140325, 141786,
  179953, 142395, 141725, 179953, 141847,
  142273, 241020, 142273, 143673, 241804,
  235280, 203152, 241804, 205100, 235280,
  219468, 203152, 205404, 295931, 245362,
  241804, 245362, 205310, 226465, 236515,
  222008, 247699, 221582, 235280, 226465,
  202479, 221582, 236515, 221781, 227755,
  241804, 245207, 234854, 224504, 245207,
  233762, 237901, 237898, 238027, 257250
]
Highest Price: 295931
Both Price Matched!!
