Departure Date: September 25, 2026
Return Date: September 29, 2026
Error Message Detected
All Prices: [
  140325, 140325, 189626, 140325, 142395,
  179953, 141786, 141725, 179953, 141847,
  142273, 241020, 142273, 143673, 241804,
  235280, 203152, 241804, 205100, 235280,
  203152, 219468, 205404, 295931, 245362,
  241804, 245362, 205310, 236515, 226465,
  222008, 247699, 235280, 221582, 226465,
  202479, 236515, 221582, 227755, 221781,
  241804, 245207, 224504, 234854, 245207,
  233762, 237901, 237898, 238027, 257250
]
Highest Price: 295931
Both Price Matched!!
